
Number of sunspot groups and individual sunspots recorded by Tevel for the period 1816–1836 in the Dalton Minimum

Original source: V.M.S. Carrasco, 2021, submitted to Astrophysical Journal.

FIRST COLUMN - year of the observation
SECOND COLUMN - month of the observation
THIRD COLUMN - day of the observation
FOURTH COLUMN - hour of the observation
FIFTH COLUMN - number of sunspot groups
SIXTH COLUMN - number of single sunspots


YEAR	MONTH	DAY	HOUR	GROUPS	SUNSPOTS
1816	4	5	16	5	20
1816	4	6	16	5	38
1816	4	8	15	7	55
1816	4	10	10	5	35
1816	4	11	16	5	12
1816	4	14	14	3	28
1816	4	15	10	4	20
1816	4	17	16	5	24
1816	4	18	10	4	21
1816	4	19	11	3	16
1816	4	20	10	3	31
1816	4	21	9	3	29
1816	4	22	8	3	27
1816	4	23	9	2	14
1816	4	24	16	2	14
1816	4	25	17	3	9
1816	4	26	10	3	6
1816	4	27	10	3	5
1816	4	28	10	2	13
1816	4	29	10	2	8
1816	4	30	8	1	6
1816	5	1	10	1	27
1816	5	2	10	2	21
1816	5	3	8	5	29
1816	5	4	8	5	14
1816	5	6	17	5	14
1816	5	7	9	4	15
1816	5	9	11	2	10
1816	5	10	17	1	5
1816	5	11	12	1	5
1816	5	12	14	3	9
1816	5	14	8	3	5
1816	5	16	7	3	3
1816	5	17	8	2	2
1816	5	18	10	2	2
1816	5	19	9	1	1
1816	5	20	7	1	1
1816	5	21	7	2	4
1816	5	22	17	3	4
1816	5	24	14	3	4
1816	5	25	16	5	12
1816	5	26	12	5	15
1816	5	28	7	5	33
1816	5	29	11	5	28
1816	5	31	8	6	40
1816	6	1	8	7	34
1816	6	2	17	6	39
1816	6	3	17	5	29
1816	6	4	11	5	30
1816	6	5	10	4	26
1816	6	6	13	1	9
1816	6	7	8	1	6
1816	6	8	6	1	3
1816	6	9	17	2	6
1816	6	10	11	3	8
1816	6	11	17	3	16
1816	6	12	12	4	15
1816	6	13	8	6	39
1816	6	17	15	2	7
1816	6	18	7	4	12
1816	6	19	8	3	11
1816	6	20	17	3	13
1816	6	21	17	2	4
1816	6	22	17	1	5
1816	6	23	10	3	7
1816	6	25	10	2	8
1816	6	26	8	2	9
1816	6	28	14	2	2
1816	6	29	17	2	5
1816	6	30	7	2	5
1816	7	2	10	3	4
1816	7	3	16	2	7
1816	7	5	17	2	37
1816	7	6	10	3	39
1816	7	7	8	3	36
1816	7	8	10	3	29
1816	7	9	11	3	22
1816	7	10	17	1	10
1816	7	11	7	2	10
1816	7	12	17	2	9
1816	7	13	16	2	9
1816	7	14	7	3	10
1816	7	15	11	3	4
1816	7	16	6	2	7
1816	7	17	15	2	18
1816	7	18	6	2	11
1816	7	19	18	4	22
1816	7	20	6	4	20
1816	7	21	17	5	15
1816	7	22	8	3	15
1816	7	24	18	1	1
1816	7	25	10	1	1
1816	7	29	8	2	5
1816	7	30	15	3	16
1816	7	31	7	3	19
1816	8	1	7	4	19
1816	8	2	10	3	18
1816	8	3	12	4	13
1816	8	4	8	4	8
1816	8	5	8	2	3
1816	8	6	9	2	2
1816	8	8	8	3	11
1816	8	10	8	2	10
1816	8	11	8	2	12
1816	8	18	15	2	4
1816	8	19	15	2	4
1816	8	20	12	2	4
1816	8	28	17	1	3
1816	8	29	8	1	4
1816	8	30	16	2	16
1816	9	3	8	3	18
1816	9	6	8	2	7
1816	9	7	17	4	7
1816	9	8	11	4	7
1816	9	9	9	3	21
1816	9	10	9	3	36
1816	9	11	10	2	38
1816	9	12	16	3	86
1816	9	13	8	4	72
1816	9	14	8	5	69
1816	9	15	17	4	83
1816	9	16	8	4	61
1816	9	17	8	4	65
1816	9	18	8	3	18
1816	9	19	8	2	17
1816	9	20	10	4	29
1816	9	21	8	4	30
1816	9	23	16	1	24
1816	9	25	10	2	32
1816	9	26	10	3	34
1816	9	27	10	3	35
1816	9	30	10	3	20
1816	10	3	11	5	47
1816	10	5	12	7	72
1816	10	15	12	2	10
1816	10	16	13	1	18
1816	10	17	12	2	18
1816	10	18	12	1	7
1816	10	19	11	2	9
1816	10	20	11	2	6
1816	10	21	13	3	4
1816	10	23	11	1	1
1816	10	26	12	2	8
1816	10	27	12	3	15
1816	10	28	11	3	16
1816	10	29	11	5	50
1816	10	30	15	5	50
1816	10	31	10	5	46
1816	11	1	10	4	34
1816	11	2	10	4	28
1816	11	3	14	3	29
1816	11	4	12	3	16
1816	11	5	12	3	11
1816	11	7	14	4	5
1816	11	8	12	4	11
1816	11	11	14	1	12
1816	11	12	14	1	26
1816	11	13	14	2	20
1816	11	14	12	2	18
1816	11	16	11	2	11
1816	11	17	11	2	7
1816	11	19	9	1	16
1816	11	20	10	1	6
1816	11	21	14	1	7
1816	11	22	11	1	11
1816	11	23	11	2	16
1816	11	25	13	3	14
1816	11	27	11	2	20
1816	11	30	11	2	5
1816	12	6	12	1	4
1816	12	7	11	2	4
1816	12	9	13	0	0
1816	12	13	11	1	1
1816	12	14	12	1	1
1816	12	15	13	1	2
1816	12	16	10	1	3
1816	12	19	12	3	11
1816	12	20	11	3	8
1816	12	21	11	5	19
1816	12	25	13	3	7
1816	12	27	14	2	4
1816	12	28	11	3	9
1817	1	2	11	2	18
1817	1	3	11	2	11
1817	1	5	14	2	2
1817	1	7	10	1	1
1817	1	12	14	3	20
1817	1	20	9	4	29
1817	1	21	11	4	22
1817	1	24	13	4	21
1817	2	1	15	1	13
1817	2	19	13	4	25
1817	3	2	14	4	12
1817	3	10	12	5	42
1817	3	11	11	8	59
1817	3	12	11	7	65
1817	3	15	16	8	53
1817	3	16	12	5	32
1817	3	17	10	5	35
1817	3	18	11	7	37
1817	3	30	15	1	12
1817	4	1	15	2	12
1817	4	2	8	2	17
1817	4	3	13	2	8
1817	4	4	13	2	12
1817	4	5	8	2	25
1817	4	7	13	2	10
1817	4	8	9	3	4
1817	4	10	17	2	13
1817	4	11	11	3	9
1817	4	12	17	3	8
1817	4	13	15	2	8
1817	4	14	17	2	7
1817	4	15	15	2	5
1817	4	16	16	1	3
1817	4	17	16	2	7
1817	4	23	17	1	2
1817	4	26	7	3	25
1817	4	27	10	3	21
1817	4	28	15	4	14
1817	4	30	15	3	14
1817	5	3	16	2	4
1817	5	6	15	2	16
1817	5	7	18	2	9
1817	5	15	15	0	0
1817	5	20	7	1	12
1817	5	21	17	1	23
1817	5	22	8	1	17
1817	5	23	16	1	11
1817	5	24	7	1	13
1817	5	26	8	1	14
1817	5	27	7	1	15
1817	6	5	10	2	5
1817	6	8	13	1	1
1817	6	11	10	3	10
1817	6	14	16	4	8
1817	6	16	7	4	22
1817	6	17	8	4	20
1817	6	18	7	3	18
1817	6	19	8	3	17
1817	6	20	8	3	16
1817	6	21	8	5	20
1817	6	22	17	5	15
1817	6	23	8	6	23
1817	6	24	11	4	30
1817	6	25	7	3	25
1817	6	26	8	3	27
1817	6	27	7	3	32
1817	6	28	17	2	25
1817	6	29	10	2	29
1817	6	30	17	2	30
1817	7	1	16	2	36
1817	7	2	17	1	13
1817	7	3	12	2	7
1817	7	4	16	1	6
1817	7	5	7	1	11
1817	7	7	8	2	22
1817	7	8	12	2	13
1817	7	9	10	2	16
1817	7	10	8	2	7
1817	7	11	13	2	12
1817	7	17	17	1	1
1817	7	18	16	1	1
1817	7	19	11	2	2
1817	7	20	8	2	3
1817	7	21	12	3	5
1817	7	22	7	3	7
1817	7	24	11	4	33
1817	7	25	12	4	33
1817	7	26	7	4	33
1817	7	27	10	4	36
1817	7	28	10	2	37
1817	7	29	7	2	23
1817	7	30	18	2	19
1817	7	31	17	4	41
1817	8	1	8	4	32
1817	8	2	8	4	28
1817	8	4	8	1	25
1817	8	5	11	1	24
1817	8	6	8	2	41
1817	8	7	7	2	67
1817	8	8	17	4	59
1817	8	15	8	2	16
1817	8	16	8	3	18
1817	8	17	17	3	5
1817	8	18	10	3	20
1817	8	23	8	3	12
1817	8	24	8	2	17
1817	8	26	10	3	5
1817	8	27	17	1	1
1817	8	28	17	3	10
1817	8	29	12	3	20
1817	8	31	18	2	18
1817	9	1	8	2	16
1817	9	2	14	2	11
1817	9	3	8	3	10
1817	9	4	17	3	8
1817	9	6	8	2	2
1817	9	7	8	2	5
1817	9	8	9	3	19
1817	9	9	8	3	12
1817	9	10	13	4	33
1817	9	11	17	7	40
1817	9	14	14	3	19
1817	9	17	17	2	24
1817	9	20	12	1	6
1817	9	21	14	1	1
1817	9	22	8	1	1
1817	9	23	8	2	2
1817	9	24	14	3	3
1817	9	25	8	4	6
1817	9	26	16	4	7
1817	9	28	14	3	6
1817	9	29	13	3	5
1817	10	2	11	4	11
1817	10	3	12	4	14
1817	10	4	10	3	13
1817	10	5	10	3	12
1817	10	6	10	3	4
1817	10	7	10	1	1
1817	10	8	14	1	1
1817	10	9	13	2	13
1817	10	10	10	2	11
1817	10	11	16	2	3
1817	10	12	13	3	5
1817	10	13	10	5	15
1817	10	14	13	3	14
1817	10	17	16	2	8
1817	10	18	14	3	3
1817	10	28	14	1	4
1817	11	7	12	3	12
1817	11	8	13	3	8
1817	11	11	14	1	2
1817	11	19	13	2	7
1817	11	27	14	3	5
1817	12	4	12	1	1
1817	12	15	12	2	2
1817	12	18	13	2	7
1817	12	22	13	4	25
1817	12	25	13	2	4
1818	1	8	14	3	12
1818	1	17	13	4	23
1818	1	18	14	4	24
1818	1	19	14	4	23
1818	1	25	12	1	2
1818	1	28	14	2	5
1818	1	29	13	1	3
1818	2	3	11	1	1
1818	2	5	11	1	3
1818	2	9	13	4	46
1818	2	14	14	3	32
1818	2	16	15	2	4
1818	3	6	13	1	6
1818	3	10	16	2	9
1818	3	14	14	2	8
1818	3	16	15	2	6
1818	3	18	11	2	14
1818	3	21	8	3	28
1818	3	24	17	3	19
1818	3	27	10	1	14
1818	3	28	14	1	8
1818	3	29	10	1	9
1818	4	1	10	0	0
1818	4	4	13	1	2
1818	4	5	12	2	13
1818	4	9	17	2	11
1818	4	11	9	3	7
1818	4	12	8	2	9
1818	4	13	9	3	11
1818	4	14	11	2	5
1818	4	15	8	2	25
1818	4	16	8	3	14
1818	4	18	10	4	11
1818	4	19	10	4	5
1818	4	24	11	1	7
1818	4	25	12	2	6
1818	4	26	7	3	22
1818	4	27	8	2	63
1818	4	28	17	4	19
1818	4	29	7	3	22
1818	4	30	16	2	11
1818	5	1	12	3	12
1818	5	2	9	4	12
1818	5	3	15	3	16
1818	5	5	7	1	3
1818	5	6	18	2	24
1818	5	8	8	1	16
1818	5	9	17	2	15
1818	5	10	7	2	13
1818	5	11	8	2	8
1818	5	12	10	2	11
1818	5	13	7	2	8
1818	5	14	8	2	10
1818	5	15	17	4	23
1818	5	19	17	5	23
1818	5	20	7	4	13
1818	5	22	12	3	11
1818	5	23	9	4	23
1818	5	24	12	3	18
1818	5	25	10	6	24
1818	5	26	9	6	32
1818	5	27	17	5	35
1818	5	28	7	6	51
1818	5	29	7	5	59
1818	5	30	7	5	35
1818	5	31	17	2	47
1818	6	1	7	2	37
1818	6	2	7	2	32
1818	6	3	8	2	26
1818	6	4	8	2	19
1818	6	5	9	2	10
1818	6	6	7	2	6
1818	6	7	17	1	1
1818	6	8	17	2	5
1818	6	9	8	2	3
1818	6	10	7	2	5
1818	6	14	9	1	1
1818	6	15	8	1	1
1818	6	16	17	1	1
1818	6	18	7	1	7
1818	6	19	9	3	15
1818	6	20	11	3	14
1818	6	21	10	3	20
1818	6	23	11	3	9
1818	6	24	18	2	10
1818	6	26	17	2	9
1818	6	27	8	4	17
1818	6	29	8	3	22
1818	6	30	9	3	17
1818	7	1	8	2	16
1818	7	2	17	1	2
1818	7	3	7	1	4
1818	7	5	17	1	27
1818	7	7	18	1	10
1818	7	8	8	1	17
1818	7	9	12	1	3
1818	7	10	8	2	8
1818	7	11	17	2	14
1818	7	14	17	2	24
1818	7	15	8	2	21
1818	7	17	17	3	10
1818	7	18	7	4	21
1818	7	19	17	2	17
1818	7	20	8	2	11
1818	7	21	17	3	11
1818	7	22	17	2	9
1818	7	24	9	4	21
1818	7	26	8	2	15
1818	7	27	8	2	27
1818	7	30	16	2	11
1818	8	2	17	3	10
1818	8	3	18	3	9
1818	8	4	12	1	1
1818	8	5	17	1	1
1818	8	6	17	1	4
1818	8	8	17	1	6
1818	8	10	17	3	21
1818	8	12	8	3	18
1818	8	13	18	5	18
1818	8	16	17	6	12
1818	8	18	17	3	11
1818	8	19	9	3	10
1818	8	22	9	2	12
1818	8	23	17	3	17
1818	8	25	15	4	31
1818	8	29	9	1	10
1818	8	30	14	1	3
1818	8	31	9	1	4
1818	9	1	16	1	5
1818	9	2	15	1	4
1818	9	3	9	2	5
1818	9	7	10	3	24
1818	9	8	16	2	31
1818	9	9	9	2	22
1818	9	10	13	1	10
1818	9	13	15	3	3
1818	9	14	9	2	2
1818	9	15	15	2	3
1818	9	16	9	2	6
1818	9	17	9	2	6
1818	9	20	10	1	9
1818	9	23	12	4	25
1818	9	25	9	2	2
1818	9	26	15	2	6
1818	9	29	11	1	1
1818	10	1	11	1	1
1818	10	2	10	1	1
1818	10	4	12	2	3
1818	10	6	13	1	3
1818	10	7	11	3	7
1818	10	8	16	4	11
1818	10	9	10	5	47
1818	10	12	14	3	44
1818	10	14	10	4	44
1818	10	15	11	4	34
1818	10	17	11	3	15
1818	10	18	11	1	9
1818	10	19	14	1	2
1818	10	20	14	1	1
1818	10	21	15	1	1
1818	10	22	16	1	1
1818	10	24	14	2	15
1818	10	25	12	1	19
1818	10	27	15	1	30
1818	10	28	15	1	28
1818	10	29	15	1	19
1818	11	3	15	2	7
1818	11	5	14	1	1
1818	11	9	15	1	14
1818	11	14	14	0	0
1818	11	17	15	1	1
1818	11	18	12	1	3
1818	11	20	14	1	3
1818	11	21	12	1	5
1818	11	22	11	1	4
1818	11	25	12	1	1
1818	12	2	11	1	1
1818	12	3	11	1	4
1818	12	4	13	1	5
1818	12	6	11	0	0
1818	12	11	12	1	12
1818	12	12	11	1	7
1818	12	15	13	0	0
1818	12	17	12	0	0
1818	12	19	13	2	12
1818	12	23	13	3	14
1818	12	24	11	3	18
1818	12	27	12	4	34
1819	1	1	14	2	23
1819	1	3	13	2	9
1819	1	4	12	2	16
1819	1	5	14	3	11
1819	1	6	13	3	10
1819	1	7	14	3	6
1819	1	12	14	4	11
1819	1	15	14	3	5
1819	1	16	14	3	5
1819	1	23	14	4	9
1819	1	28	14	1	2
1819	1	29	10	2	4
1819	2	1	13	1	2
1819	2	5	11	0	0
1819	2	6	11	0	0
1819	2	10	13	1	6
1819	2	13	14	2	13
1819	2	15	14	2	10
1819	2	17	13	2	17
1819	2	20	11	2	8
1819	2	24	15	1	13
1819	2	26	11	1	7
1819	3	2	14	1	4
1819	3	4	12	0	0
1819	3	5	13	1	3
1819	3	15	13	0	0
1819	3	22	12	1	5
1819	3	23	9	2	5
1819	3	26	15	1	1
1819	3	29	15	1	1
1819	3	31	16	1	2
1819	4	1	14	1	1
1819	4	4	12	1	1
1819	4	5	11	0	0
1819	4	6	17	0	0
1819	4	7	8	0	0
1819	4	11	8	1	1
1819	4	12	9	1	2
1819	4	13	8	1	4
1819	4	14	8	1	6
1819	4	15	14	2	10
1819	4	16	15	2	8
1819	4	17	8	3	12
1819	4	18	10	3	18
1819	4	19	10	3	16
1819	4	21	15	3	12
1819	4	22	10	3	20
1819	4	27	16	1	5
1819	4	28	9	1	11
1819	4	29	9	1	17
1819	4	30	9	2	13
1819	5	1	9	2	13
1819	5	2	8	1	7
1819	5	3	10	1	1
1819	5	8	8	0	0
1819	5	9	10	0	0
1819	5	15	8	1	5
1819	5	16	10	1	13
1819	5	17	10	1	20
1819	5	18	8	1	15
1819	5	19	7	1	4
1819	5	20	10	2	11
1819	5	22	10	3	21
1819	5	23	9	3	22
1819	5	25	17	2	16
1819	5	26	9	2	14
1819	5	27	17	3	21
1819	5	28	17	4	23
1819	5	29	18	4	15
1819	5	30	8	3	10
1819	5	31	17	2	9
1819	6	1	7	1	10
1819	6	2	8	1	7
1819	6	3	9	1	6
1819	6	4	8	1	13
1819	6	6	17	3	9
1819	6	8	7	2	10
1819	6	9	8	1	3
1819	6	10	7	1	5
1819	6	11	10	2	7
1819	6	12	8	2	9
1819	6	13	6	2	10
1819	6	14	10	2	9
1819	6	16	6	3	8
1819	6	18	18	4	25
1819	6	20	8	4	39
1819	6	21	10	4	44
1819	6	22	8	3	28
1819	6	26	7	1	4
1819	6	27	11	2	5
1819	6	29	17	2	19
1819	7	1	17	1	22
1819	7	2	7	1	32
1819	7	3	10	1	22
1819	7	4	10	1	14
1819	7	5	16	2	19
1819	7	8	8	2	10
1819	7	10	8	2	13
1819	7	11	17	3	11
1819	7	15	17	2	7
1819	7	16	17	2	3
1819	7	18	8	1	2
1819	7	20	16	1	3
1819	7	25	10	1	8
1819	7	26	7	2	13
1819	7	28	17	1	6
1819	7	30	10	1	1
1819	7	31	8	2	4
1819	8	1	17	3	10
1819	8	2	16	4	11
1819	8	7	17	3	31
1819	8	8	11	3	24
1819	8	9	8	3	11
1819	8	11	17	3	3
1819	8	12	17	3	13
1819	8	15	8	1	10
1819	8	26	8	1	1
1819	8	29	8	2	4
1819	8	30	17	4	9
1819	9	1	16	4	19
1819	9	4	11	2	15
1819	9	5	8	2	6
1819	9	6	9	2	13
1824	10	15	10	1	6
1824	10	16	10	1	5
1824	10	17	10	1	4
1824	10	18	10	1	3
1824	10	19	10	2	7
1824	10	20	16	2	25
1824	10	21	11	1	16
1824	10	22	10	1	13
1824	10	24	12	1	10
1824	10	25	12	1	15
1824	10	27	11	1	2
1824	10	30	9	2	5
1825	1	26	10	1	14
1825	1	28	10	1	6
1825	1	29	12	1	10
1825	1	30	12	1	1
1825	2	5	11	1	6
1825	2	6	11	1	19
1825	2	9	10	2	40
1825	2	11	10	2	22
1825	2	12	9	2	5
1825	2	13	13	1	4
1825	3	1	12	1	32
1825	3	2	10	1	37
1825	3	3	13	1	29
1825	3	5	9	1	34
1825	3	6	11	1	26
1825	3	8	10	1	17
1825	3	10	12	1	2
1825	4	30	10	1	1
1825	5	3	14	1	1
1825	5	4	10	1	1
1825	5	7	12	1	1
1825	5	13	15	1	5
1825	5	15	16	1	12
1825	5	31	17	1	1
1825	6	1	17	2	2
1828	8	8	15	5	82
1828	8	10	15	5	70
1828	8	16	15	6	32
1828	9	2	11	2	18
1828	9	7	15	4	19
1828	9	12	16	4	21
1830	4	24	15	10	32
1830	4	25	10	9	52
1830	4	26	10	8	45
1830	4	27	9	7	67
1830	4	28	10	7	55
1830	4	29	10	6	48
1830	4	30	10	8	71
1830	5	2	17	5	32
1830	5	3	16	4	13
1830	6	29	7	5	29
1830	6	30	6	5	14
1832	4	28	10	1	5
1832	4	29	10	2	5
1832	5	3	9	3	5
1832	5	6	17	2	5
1832	5	7	16	2	5
1832	5	12	14	1	21
1832	5	13	13	1	14
1832	5	15	16	2	13
1832	5	16	16	2	10
1832	5	18	9	2	5
1835	11	2	12	1	6
1835	11	3	12	1	5
1835	11	7	10	3	13
1835	11	14	11	5	36
1835	11	19	10	5	25
1835	11	22	11	5	22
1835	11	24	10	3	5
1835	12	2	-	4	19
1836	1	20	11	2	3
1836	1	22	11	3	4
1836	1	25	10	3	9
1836	2	16	11	3	25
1836	2	21	12	2	4
1836	3	2	11	5	10
1836	5	7	11	5	16
1836	5	10	11	5	7
1836	5	11	17	5	11
1836	5	12	12	5	15
1836	5	13	14	4	16
1836	5	14	16	4	17
1836	5	15	12	4	17
1836	5	16	17	4	14
1836	5	17	12	6	14
1836	5	18	16	5	20
1836	5	19	17	7	34
1836	5	21	17	7	21
1836	5	22	16	8	21
1836	5	24	16	6	14